0.28 0.2803483 0.280697 0.2810462 0.2813958
0.2817458 0.2820963 0.2824472 0.2827985 0.2831503
0.2835025 0.2838551 0.2842082 0.2845618 0.2849157
0.2852701 0.285625 0.2859803 0.286336 0.2866922
0.2870488 0.2874059 0.2877634 0.2881213 0.2884797
0.2888385 0.2891978 0.2895576 0.2899177 0.2902784
0.2906395 0.291001 0.291363 0.2917254 0.2920883
0.2924516 0.2928154 0.2931796 0.2935443 0.2939094
0.294275 0.2946411 0.2950076 0.2953746 0.295742
0.2961098 0.2964782 0.296847 0.2972162 0.2975859
0.2979561 0.2983267 0.2986978 0.2990694 0.2994414
0.2998139 0.3001868 0.3005602 0.3009341 0.3013084
0.3016832 0.3020585 0.3024342 0.3028104 0.3031871
0.3035642 0.3039418 0.3043199 0.3046984 0.3050774
0.3054569 0.3058369 0.3062173 0.3065982 0.3069796
0.3073614 0.3077438 0.3081266 0.3085099 0.3088936
0.3092778 0.3096626 0.3100477 0.3104334 0.3108196
0.3112062 0.3115933 0.3119809 0.312369 0.3127575
0.3131466 0.3135361 0.3139261 0.3143166 0.3147076
0.315099 0.315491 0.3158834 0.3162764 0.3166698
0.3170637 0.3174581 0.317853 0.3182483 0.3186442
0.3190406 0.3194374 0.3198348 0.3202326 0.320631
0.3210298 0.3214291 0.321829 0.3222293 0.3226301
0.3230314 0.3234332 0.3238356 0.3242384 0.3246417
0.3250455 0.3254499 0.3258547 0.32626 0.3266659
0.3270722 0.327479 0.3278864 0.3282943 0.3287026
0.3291115 0.3295209 0.3299308 0.3303412 0.3307521
0.3311635 0.3315754 0.3319879 0.3324008 0.3328143
0.3332283 0.3336428 0.3340578 0.3344734 0.3348894
0.335306 0.3357231 0.3361407 0.3365588 0.3369775
0.3373966 0.3378163 0.3382365 0.3386573 0.3390785
0.3395003 0.3399226 0.3403454 0.3407688 0.3411927
0.3416171 0.342042 0.3424675 0.3428935 0.34332
0.3437471 0.3441747 0.3446028 0.3450314 0.3454606
0.3458903 0.3463206 0.3467514 0.3471827 0.3476146
0.348047 0.3484799 0.3489134 0.3493474 0.349782
0.350217 0.3506527 0.3510889 0.3515256 0.3519628
0.3524007 0.352839 0.3532779 0.3537173 0.3541573
0.3545979 0.355039 0.3554806 0.3559228 0.3563655
0.3568088 0.3572526 0.357697 0.358142 0.3585875
0.3590335 0.3594801 0.3599273 0.360375 0.3608233
0.3612721 0.3617215 0.3621714 0.3626219 0.363073
0.3635246 0.3639768 0.3644296 0.3648829 0.3653368
0.3657912 0.3662462 0.3667018 0.3671579 0.3676146
0.3680719 0.3685298 0.3689882 0.3694472 0.3699067
0.3703668 0.3708275 0.3712888 0.3717507 0.3722131
0.3726761 0.3731397 0.3736038 0.3740685 0.3745338
0.3749997 0.3754662 0.3759332 0.3764009 0.3768691
0.3773378 0.3778072 0.3782772 0.3787477 0.3792188
0.3796906 0.3801629 0.3806357 0.3811092 0.3815833
0.3820579 0.3825332 0.383009 0.3834854 0.3839624
0.3844401 0.3849183 0.3853971 0.3858765 0.3863565
0.386837 0.3873182 0.3878 0.3882824 0.3887654
0.389249 0.3897332 0.390218 0.3907034 0.3911894
0.391676 0.3921632 0.392651 0.3931394 0.3936284
0.3941181 0.3946083 0.3950992 0.3955906 0.3960827
0.3965754 0.3970687 0.3975626 0.3980571 0.3985523
0.399048 0.3995444 0.4000414 0.400539 0.4010373
0.4015361 0.4020356 0.4025357 0.4030364 0.4035377
0.4040397 0.4045423 0.4050455 0.4055493 0.4060538
0.4065589 0.4070646 0.4075709 0.4080779 0.4085855
0.4090938 0.4096027 0.4101122 0.4106223 0.4111331
0.4116445 0.4121565 0.4126692 0.4131825 0.4136965
0.4142111 0.4147263 0.4152422 0.4157587 0.4162759
0.4167937 0.4173122 0.4178312 0.418351 0.4188714
0.4193924 0.4199141 0.4204364 0.4209594 0.421483
0.4220073 0.4225323 0.4230579 0.4235841 0.424111
0.4246385 0.4251668 0.4256956 0.4262251 0.4267553
0.4272862 0.4278177 0.4283498 0.4288827 0.4294162
0.4299503 0.4304851 0.4310206 0.4315568 0.4320936
0.4326311 0.4331692 0.433708 0.4342475 0.4347877
0.4353285 0.43587 0.4364122 0.4369551 0.4374986
0.4380428 0.4385877 0.4391332 0.4396795 0.4402264
0.440774 0.4413223 0.4418712 0.4424209 0.4429712
0.4435222 0.4440739 0.4446263 0.4451794 0.4457331
0.4462876 0.4468427 0.4473986 0.4479551 0.4485123
0.4490702 0.4496288 0.4501881 0.4507481 0.4513088
0.4518702 0.4524322 0.452995 0.4535585 0.4541227
0.4546876 0.4552532 0.4558194 0.4563864 0.4569541
0.4575225 0.4580917 0.4586615 0.459232 0.4598033
0.4603752 0.4609479 0.4615212 0.4620953 0.4626701
0.4632456 0.4638219 0.4643988 0.4649765 0.4655549
0.466134 0.4667138 0.4672944 0.4678756 0.4684576
0.4690403 0.4696238 0.4702079 0.4707928 0.4713785
0.4719648 0.4725519 0.4731397 0.4737282 0.4743175
0.4749075 0.4754983 0.4760897 0.4766819 0.4772749
0.4778686 0.478463 0.4790582 0.4796541 0.4802507
0.4808481 0.4814462 0.4820451 0.4826447 0.4832451
0.4838462 0.484448 0.4850506 0.485654 0.4862581
0.486863 0.4874686 0.4880749 0.4886821 0.4892899
0.4898986 0.4905079 0.4911181 0.491729 0.4923407
0.4929531 0.4935663 0.4941802 0.4947949 0.4954104
0.4960266 0.4966437 0.4972614 0.49788 0.4984993
0.4991194 0.4997402 0.5003619 0.5009843 0.5016074
0.5022314 0.5028561 0.5034816 0.5041079 0.504735
0.5053628 0.5059914 0.5066208 0.507251 0.507882
0.5085138 0.5091463 0.5097796 0.5104137 0.5110486
0.5116843 0.5123208 0.5129581 0.5135962 0.514235
0.5148747 0.5155152 0.5161564 0.5167985 0.5174413
0.5180849 0.5187294 0.5193746 0.5200207 0.5206676
0.5213152 0.5219637 0.522613 0.523263 0.5239139
0.5245656 0.5252181 0.5258714 0.5265256 0.5271805
0.5278363 0.5284929 0.5291503 0.5298085 0.5304675
0.5311274 0.531788 0.5324495 0.5331118 0.533775
0.5344389 0.5351037 0.5357693 0.5364358 0.5371031
0.5377712 0.5384401 0.5391099 0.5397805 0.5404519
0.5411242 0.5417973 0.5424712 0.543146 0.5438216
0.5444981 0.5451754 0.5458535 0.5465325 0.5472124
0.547893 0.5485746 0.5492569 0.5499402 0.5506242
0.5513092 0.5519949 0.5526816 0.5533691 0.5540574
0.5547466 0.5554366 0.5561275 0.5568193 0.5575119
0.5582054 0.5588998 0.559595 0.5602911 0.560988
0.5616858 0.5623845 0.5630841 0.5637845 0.5644858
0.565188 0.565891 0.5665949 0.5672997 0.5680054
0.5687119 0.5694193 0.5701276 0.5708368 0.5715469
0.5722578 0.5729697 0.5736824 0.574396 0.5751105
0.5758259 0.5765421 0.5772593 0.5779774 0.5786963
0.5794162 0.5801369 0.5808585 0.5815811 0.5823045
0.5830288 0.5837541 0.5844802 0.5852072 0.5859352
0.586664 0.5873938 0.5881244 0.588856 0.5895885
0.5903219 0.5910562 0.5917914 0.5925275 0.5932646
0.5940025 0.5947414 0.5954812 0.5962219 0.5969636
0.5977061 0.5984496 0.599194 0.5999394 0.6006857
0.6014328 0.602181 0.60293 0.60368 0.6044309
0.6051828 0.6059356 0.6066893 0.607444 0.6081996
0.6089561 0.6097136 0.610472 0.6112314 0.6119917
0.612753 0.6135152 0.6142783 0.6150424 0.6158075
0.6165735 0.6173404 0.6181083 0.6188772 0.619647
0.6204178 0.6211896 0.6219623 0.6227359 0.6235105
0.6242861 0.6250627 0.6258402 0.6266187 0.6273981
0.6281786 0.62896 0.6297423 0.6305257 0.63131
0.6320953 0.6328815 0.6336688 0.634457 0.6352462
0.6360364 0.6368275 0.6376197 0.6384128 0.639207
0.6400021 0.6407982 0.6415953 0.6423933 0.6431924
0.6439925 0.6447936 0.6455956 0.6463987 0.6472027
0.6480078 0.6488139 0.6496209 0.650429 0.651238
0.6520481 0.6528592 0.6536713 0.6544844 0.6552985
0.6561137 0.6569298 0.657747 0.6585651 0.6593843
0.6602045 0.6610258 0.661848 0.6626713 0.6634956
0.6643209 0.6651473 0.6659746 0.666803 0.6676325
0.668463 0.6692945 0.670127 0.6709606 0.6717952
0.6726308 0.6734675 0.6743052 0.675144 0.6759838
0.6768247 0.6776666 0.6785095 0.6793535 0.6801986
0.6810447 0.6818919 0.6827401 0.6835893 0.6844396
0.685291 0.6861435 0.686997 0.6878515 0.6887071
0.6895638 0.6904216 0.6912804 0.6921403 0.6930012
0.6938633 0.6947264 0.6955905 0.6964558 0.6973221
0.6981895 0.699058 0.6999275 0.7007982 0.7016699
0.7025427 0.7034166 0.7042916 0.7051677 0.7060448
0.7069231 0.7078024 0.7086829 0.7095644 0.710447
0.7113307 0.7122156 0.7131015 0.7139885 0.7148767
0.7157659 0.7166562 0.7175477 0.7184403 0.7193339
0.7202287 0.7211246 0.7220216 0.7229197 0.723819
0.7247193 0.7256208 0.7265234 0.7274272 0.728332
0.729238 0.7301451 0.7310533 0.7319627 0.7328732
0.7337848 0.7346975 0.7356114 0.7365265 0.7374426
0.7383599 0.7392784 0.740198 0.7411187 0.7420406
0.7429636 0.7438878 0.7448131 0.7457396 0.7466672
0.747596 0.7485259 0.749457 0.7503893 0.7513227
0.7522573 0.753193 0.7541299 0.755068 0.7560072
0.7569476 0.7578892 0.7588319 0.7597758 0.7607209
0.7616672 0.7626146 0.7635632 0.764513 0.765464
0.7664162 0.7673695 0.7683241 0.7692798 0.7702367
0.7711948 0.7721541 0.7731146 0.7740763 0.7750391
0.7760032 0.7769685 0.777935 0.7789026 0.7798715
0.7808416 0.7818129 0.7827854 0.7837591 0.784734
0.7857101 0.7866875 0.7876661 0.7886458 0.7896268
0.7906091 0.7915925 0.7925772 0.7935631 0.7945502
0.7955385 0.7965281 0.7975189 0.7985109 0.7995042
0.8004987 0.8014944 0.8024914 0.8034896 0.8044891
0.8054898 0.8064918 0.807495 0.8084994 0.8095051
0.8105121 0.8115203 0.8125297 0.8135404 0.8145524
0.8155656 0.8165801 0.8175958 0.8186129 0.8196311
0.8206507 0.8216715 0.8226936 0.8237169 0.8247415
0.8257674 0.8267946 0.8278231 0.8288528 0.8298838
0.8309161 0.8319497 0.8329845 0.8340207 0.8350581
0.8360969 0.8371369 0.8381782 0.8392208 0.8402647
0.8413099 0.8423565 0.8434043 0.8444534 0.8455038
0.8465555 0.8476086 0.8486629 0.8497186 0.8507755
0.8518338 0.8528934 0.8539543 0.8550166 0.8560801
0.857145 0.8582112 0.8592787 0.8603476 0.8614178
0.8624893 0.8635622 0.8646363 0.8657119 0.8667887
0.8678669 0.8689465 0.8700274 0.8711096 0.8721932
0.8732781 0.8743644 0.875452 0.876541 0.8776313
0.878723 0.879816 0.8809104 0.8820062 0.8831033
0.8842018 0.8853017 0.8864029 0.8875055 0.8886095
0.8897148 0.8908216 0.8919297 0.8930391 0.89415
0.8952622 0.8963758 0.8974908 0.8986072 0.899725
0.9008442 0.9019648 0.9030867 0.9042101 0.9053348
0.906461 0.9075885 0.9087175 0.9098478 0.9109796
0.9121128 0.9132473 0.9143833 0.9155207 0.9166596
0.9177998 0.9189414 0.9200845 0.921229 0.9223749
0.9235223 0.9246711 0.9258213 0.9269729 0.928126
0.9292804 0.9304364 0.9315938 0.9327526 0.9339128
0.9350745 0.9362377 0.9374023 0.9385683 0.9397358
0.9409047 0.9420751 0.943247 0.9444203 0.945595
0.9467713 0.947949 0.9491281 0.9503087 0.9514908
0.9526744 0.9538594 0.9550459 0.9562339 0.9574234
0.9586143 0.9598068 0.9610007 0.9621961 0.9633929
0.9645913 0.9657912 0.9669925 0.9681954 0.9693997
0.9706055 0.9718129 0.9730217 0.9742321 0.9754439
0.9766573 0.9778721 0.9790885 0.9803064 0.9815258
0.9827467 0.9839692 0.9851931 0.9864186 0.9876456
0.9888742 0.9901042 0.9913358 0.992569 0.9938036
0.9950398 0.9962776 0.9975168 0.9987576 1
