0 0 1.287085e-53 2.88421e-34 1.813567e-27
5.372496e-24 7.904134e-22 3.257419e-20 6.500311e-19 7.759163e-18
6.330566e-17 3.864067e-16 1.879148e-15 7.618122e-15 2.662267e-14
8.226355e-14 2.292265e-13 5.850133e-13 1.384552e-12 3.069564e-12
6.427855e-12 1.280157e-11 2.438762e-11 4.465786e-11 7.893112e-11
1.351337e-10 2.247897e-10 3.642866e-10 5.764663e-10 8.925968e-10
1.354782e-09 2.018871e-09 2.957939e-09 4.266398e-09 6.064827e-09
8.505577e-09 1.177925e-08 1.612212e-08 2.182459e-08 2.924076e-08
3.879919e-08 5.101501e-08 6.650331e-08 8.599417e-08 1.103491e-07
1.405792e-07 1.778653e-07 2.235795e-07 2.793093e-07 3.468829e-07
4.28398e-07 5.262513e-07 6.431717e-07 7.822549e-07 9.470015e-07
1.141357e-06 1.369756e-06 1.637165e-06 1.949136e-06 2.311854e-06
2.732195e-06 3.217784e-06 3.777054e-06 4.419315e-06 5.154822e-06
5.994843e-06 6.951741e-06 8.039051e-06 9.271562e-06 1.066541e-05
1.223816e-05 1.400892e-05 1.599841e-05 1.82291e-05 2.072531e-05
2.351331e-05 2.662144e-05 3.008024e-05 3.392258e-05 3.818378e-05
4.290176e-05 4.811717e-05 5.387354e-05 6.021742e-05 6.719856e-05
7.487005e-05 8.328849e-05 9.251416e-05 0.0001026112 0.0001136478
0.0001256963 0.0001388336 0.0001531411 0.0001687049 0.0001856164
0.000203972 0.0002238735 0.0002454285 0.0002687505 0.0002939588
0.0003211794 0.0003505446 0.0003821937 0.0004162729 0.0004529357
0.0004923433 0.0005346645 0.0005800763 0.0006287638 0.0006809209
0.0007367503 0.0007964635 0.0008602817 0.0009284356 0.001001166
0.001078723 0.001161368 0.001249373 0.001343021 0.001442606
0.001548432 0.001660818 0.001780093 0.001906596 0.002040684
0.002182721 0.002333087 0.002492176 0.002660392 0.002838155
0.003025898 0.003224069 0.003433128 0.003653551 0.003885829
0.004130465 0.004387979 0.004658904 0.004943789 0.005243198
0.005557709 0.005887916 0.006234428 0.006597867 0.006978872
0.007378097 0.007796208 0.008233889 0.008691837 0.009170763
0.009671391 0.01019446 0.01074073 0.01131095 0.01190592
0.01252641 0.01317324 0.01384722 0.01454917 0.01527994
0.01604036 0.0168313 0.01765361 0.01850818 0.01939589
0.02031761 0.02127425 0.0222667 0.02329587 0.02436267
0.02546799 0.02661276 0.02779788 0.02902426 0.03029281
0.03160444 0.03296005 0.03436054 0.0358068 0.03729971
0.03884015 0.04042899 0.04206708 0.04375527 0.04549439
0.04728525 0.04912866 0.0510254 0.05297624 0.05498193
0.05704319 0.05916073 0.06133523 0.06356737 0.06585776
0.06820702 0.07061575 0.07308448 0.07561375 0.07820407
0.08085589 0.08356966 0.08634579 0.08918464 0.09208657
0.09505188 0.09808085 0.1011737 0.1043307 0.107552
0.1108377 0.1141879 0.1176027 0.1210822 0.1246263
0.128235 0.1319083 0.135646 0.1394481 0.1433143
0.1472444 0.1512383 0.1552957 0.1594163 0.1635997
0.1678456 0.1721538 0.1765236 0.1809548 0.1854469
0.1899993 0.1946117 0.1992835 0.2040141 0.2088029
0.2136495 0.2185531 0.2235132 0.2285292 0.2336003
0.238726 0.2439055 0.2491382 0.2544233 0.2597601
0.265148 0.2705861 0.2760738 0.2816102 0.2871947
0.2928264 0.2985046 0.3042286 0.3099975 0.3158105
0.3216669 0.3275659 0.3335067 0.3394885 0.3455104
0.3515718 0.3576719 0.3638097 0.3699846 0.3761956
0.3824422 0.3887233 0.3950383 0.4013864 0.4077667
0.4141785 0.420621 0.4270934 0.433595 0.4401248
0.4466823 0.4532665 0.4598768 0.4665123 0.4731722
0.4798559 0.4865625 0.4932914 0.5000416 0.5068125
0.5136033 0.5204133 0.5272417 0.5340878 0.5409507
0.5478299 0.5547244 0.5616337 0.5685569 0.5754933
0.5824421 0.5894028 0.5963744 0.6033563 0.6103477
0.6173479 0.6243562 0.6313719 0.6383942 0.6454224
0.6524557 0.6594935 0.666535 0.6735794 0.6806261
0.6876744 0.6947234 0.7017725 0.7088209 0.715868
0.7229129 0.7299549 0.7369934 0.7440274 0.7510565
0.7580796 0.7650963 0.7721056 0.7791068 0.7860993
0.7930822 0.8000547 0.8070162 0.8139659 0.8209029
0.8278266 0.8347361 0.8416307 0.8485096 0.855372
0.8622171 0.8690442 0.8758524 0.8826409 0.889409
0.8961558 0.9028805 0.9095824 0.9162604 0.922914
0.9295421 0.9361441 0.9427189 0.9492659 0.9557841
0.9622727 0.9687308 0.9751576 0.9815521 0.9879136
0.9942411 1.000534 1.006791 1.013011 1.019194
1.025338 1.031443 1.037508 1.043531 1.049513
1.055451 1.061346 1.067196 1.073 1.078757
1.084467 1.090128 1.095739 1.101301 1.10681
1.112268 1.117672 1.123022 1.128317 1.133556
1.138737 1.143861 1.148926 1.153931 1.158876
1.163759 1.168579 1.173336 1.178028 1.182656
1.187217 1.191711 1.196137 1.200495 1.204783
1.209 1.213147 1.217221 1.221222 1.22515
1.229004 1.232782 1.236484 1.24011 1.243659
1.24713 1.250522 1.253834 1.257067 1.26022
1.263292 1.266282 1.26919 1.272015 1.274758
1.277418 1.279993 1.282485 1.284892 1.287214
1.289452 1.291604 1.293671 1.295652 1.297548
1.299358 1.301083 1.302722 1.304275 1.305743
1.307125 1.308422 1.309634 1.310761 1.311804
1.312763 1.313638 1.31443 1.315139 1.315766
1.316312 1.316776 1.31716 1.317464 1.31769
1.317837 1.317907 1.317901 1.317819 1.317663
1.317434 1.317132 1.316759 1.316315 1.315802
1.315222 1.314575 1.313862 1.313086 1.312246
1.311345 1.310384 1.309364 1.308287 1.307154
1.305967 1.304727 1.303435 1.302093 1.300703
1.299265 1.297782 1.296255 1.294686 1.293076
1.291426 1.289738 1.288013 1.286254 1.284461
1.282636 1.28078 1.278895 1.276982 1.275043
1.273078 1.27109 1.269079 1.267047 1.264995
1.262924 1.260835 1.25873 1.25661 1.254475
1.252327 1.250167 1.247995 1.245813 1.243622
1.241422 1.239214 1.236999 1.234778 1.232551
1.23032 1.228084 1.225845 1.223602 1.221357
1.21911 1.216861 1.214612 1.212361 1.210111
1.20786 1.20561 1.20336 1.201112 1.198865
1.196619 1.194375 1.192133 1.189893 1.187655
1.18542 1.183187 1.180957 1.17873 1.176506
1.174285 1.172066 1.169851 1.16764 1.165431
1.163226 1.161024 1.158826 1.156631 1.154439
1.152251 1.150066 1.147885 1.145708 1.143534
1.141363 1.139196 1.137033 1.134873 1.132717
1.130564 1.128415 1.126269 1.124127 1.121988
1.119853 1.117722 1.115594 1.11347 1.111349
1.109232 1.107118 1.105008 1.102901 1.100798
1.098698 1.096602 1.094509 1.092419 1.090334
1.088251 1.086173 1.084097 1.082025 1.079957
1.077892 1.07583 1.073772 1.071718 1.069666
1.067618 1.065574 1.063533 1.061496 1.059461
1.057431 1.055403 1.053379 1.051359 1.049342
1.047328 1.045317 1.04331 1.041306 1.039306
1.037309 1.035315 1.033325 1.031338 1.029354
1.027374 1.025397 1.023423 1.021453 1.019486
1.017522 1.015562 1.013604 1.01165 1.0097
1.007752 1.005808 1.003868 1.00193 0.9999958
0.9980647 0.9961369 0.9942124 0.9922911 0.990373
0.9884581 0.9865465 0.9846381 0.9827329 0.9808309
0.9789321 0.9770365 0.9751441 0.9732549 0.9713689
0.9694861 0.9676064 0.9657299 0.9638566 0.9619865
0.9601195 0.9582556 0.9563949 0.9545373 0.9526829
0.9508316 0.9489834 0.9471384 0.9452965 0.9434577
0.941622 0.9397894 0.9379599 0.9361335 0.9343102
0.93249 0.9306728 0.9288587 0.9270478 0.9252398
0.923435 0.9216332 0.9198344 0.9180387 0.9162461
0.9144565 0.9126699 0.9108863 0.9091058 0.9073283
0.9055538 0.9037824 0.9020139 0.9002484 0.898486
0.8967265 0.89497 0.8932166 0.8914661 0.8897185
0.887974 0.8862324 0.8844938 0.8827581 0.8810254
0.8792956 0.8775688 0.8758449 0.874124 0.872406
0.8706909 0.8689788 0.8672695 0.8655632 0.8638598
0.8621593 0.8604617 0.858767 0.8570752 0.8553862
0.8537002 0.852017 0.8503367 0.8486593 0.8469848
0.8453131 0.8436443 0.8419783 0.8403152 0.8386549
0.8369974 0.8353428 0.8336911 0.8320421 0.830396
0.8287527 0.8271122 0.8254745 0.8238397 0.8222076
0.8205783 0.8189519 0.8173282 0.8157073 0.8140892
0.8124738 0.8108613 0.8092515 0.8076444 0.8060402
0.8044386 0.8028399 0.8012438 0.7996506 0.79806
0.7964722 0.7948872 0.7933048 0.7917252 0.7901483
0.7885741 0.7870026 0.7854339 0.7838678 0.7823044
0.7807437 0.7791857 0.7776304 0.7760778 0.7745278
0.7729805 0.7714357 0.7698936 0.7683541 0.766817
0.7652825 0.7637504 0.7622207 0.7606934 0.7591682
0.7576453 0.7561244 0.7546055 0.7530885 0.7515732
0.7500595 0.7485473 0.7470363 0.7455265 0.7440176
0.7425094 0.7410017 0.7394943 0.7379869 0.7364792
0.7349709 0.7334618 0.7319515 0.7304396 0.7289257
0.7274096 0.7258907 0.7243687 0.722843 0.7213133
0.7197789 0.7182393 0.716694 0.7151425 0.713584
0.712018 0.7104438 0.7088607 0.707268 0.7056649
0.7040506 0.7024244 0.7007854 0.6991327 0.6974654
0.6957825 0.6940832 0.6923664 0.6906311 0.6888762
0.6871006 0.6853032 0.6834828 0.6816382 0.6797682
0.6778715 0.6759468 0.6739927 0.672008 0.6699912
0.6679409 0.6658556 0.6637338 0.661574 0.6593746
0.657134 0.6548507 0.6525229 0.6501491 0.6477275
0.6452563 0.6427339 0.6401585 0.6375282 0.6348414
0.6320961 0.6292906 0.6264229 0.6234913 0.6204939
0.6174288 0.6142942 0.6110882 0.6078089 0.6044545
0.6010232 0.5975132 0.5939227 0.5902498 0.586493
0.5826504 0.5787204 0.5747014 0.5705919 0.5663903
0.5620952 0.5577052 0.553219 0.5486354 0.5439533
0.5391715 0.5342892 0.5293055 0.5242198 0.5190313
0.5137397 0.5083445 0.5028456 0.4972429 0.4915366
0.4857268 0.4798141 0.4737991 0.4676825 0.4614654
0.4551489 0.4487345 0.4422237 0.4356183 0.4289204
0.4221322 0.4152563 0.4082952 0.4012521 0.39413
0.3869324 0.3796629 0.3723255 0.3649242 0.3574636
0.349948 0.3423825 0.334772 0.3271219 0.3194376
0.3117249 0.3039896 0.2962378 0.2884758 0.28071
0.272947 0.2651935 0.2574563 0.2497423 0.2420585
0.2344121 0.2268101 0.2192597 0.2117681 0.2043423
0.1969894 0.1897166 0.1825306 0.1754384 0.1684465
0.1615615 0.1547898 0.1481374 0.1416102 0.1352139
0.1289537 0.1228348 0.1168617 0.1110389 0.1053705
0.09985987 0.09451044 0.08932498 0.08430591 0.07945523
0.07477449 0.07026481 0.06592688 0.06176095 0.05776682
0.05394388 0.05029109 0.04680698 0.0434897 0.040337
0.03734627 0.03451453 0.03183849 0.02931452 0.02693873
0.02470695 0.02261479 0.02065763 0.01883068 0.017129
0.01554751 0.01408104 0.01272436 0.01147218 0.01031921
0.009260151 0.008289766 0.007402858 0.006594318 0.005859138
0.00519243 0.004589445 0.004045585 0.00355642 0.003117697
0.002725349 0.002375503 0.002064486 0.001788828 0.001545262
0.001330729 0.001142371 0.000977532 0.0008337511 0.0007087594
0.0006004727 0.000506984 0.0004265561 0.0003576126 0.0002987292
0.0002486246 0.0002061506 0.0001702833 0.0001401129 0.0001148351
9.374175e-05 7.621212e-05 6.170468e-05 4.974913e-05 3.993887e-05
3.192408e-05 2.540518e-05 2.012685e-05 1.587256e-05 1.245958e-05
9.734477e-06 7.569045e-06 5.856731e-06 4.509424e-06 3.454648e-06
2.633108e-06 1.99655e-06 1.505921e-06 1.129793e-06 8.430097e-07
6.255565e-07 4.615968e-07 3.386749e-07 2.470521e-07 1.791595e-07
1.291509e-07 9.253819e-08 6.589759e-08 4.66339e-08 3.279261e-08
2.29113e-08 1.590304e-08 1.096538e-08 7.509939e-09 5.108271e-09
3.450571e-09 2.314419e-09 1.541278e-09 1.018968e-09 6.687041e-10
4.35565e-10 2.815588e-10 1.806064e-10 1.149464e-10 7.257809e-11
4.545824e-11 2.824003e-11 1.739845e-11 1.06291e-11 6.438271e-12
